17,2
17,1
17,3
15,2
15,1
15,3
16,2
16,1
16,3
3,2
3,1
3,3
10,68
10,150
10,20
10,306
10,284
10,34
10,144
10,1
10,302
10,2
10,3
11,18
11,30
11,12
11,8
11,28
11,24
11,1
11,20
11,2
11,3
9,7
9,6
9,1
9,4
9,2
9,3
8,9
8,16
8,8
8,6
8,15
8,13
8,14
8,1
8,4
8,2
8,3
12,2
12,1
12,3
20,2
20,1
20,3
19,2
19,1
19,3
18,1
18,3
14,1
14,3
13,1
13,3
2,2
2,1
2,3
45,4
45,3
45,2
45,1
45,0
44,4
44,3
44,2
44,1
44,0
43,5
43,4
43,3
43,2
43,1
43,0
41,4
41,3
41,2
41,1
41,0
40,4
40,3
40,2
40,1
40,0
39,3
39,2
39,1
39,0
38,5
38,4
38,3
38,2
